 2005/06 2006/07 2007/08 2008/09 2009/10 2010/11 2011/12 2012/13 2013/14 2014/15 2015/16
BW 13 473 11 943 14 144 11 031 10 556 9 148 9 986 8 342 7 287 7 713 8 085
BY 128 482 103 404 133 207 98 799 79 598 75 984 75 341 80 080 58 464 62 039 70 960
BL 1 6 2 0 4 1 1 1 1 3 3
BB k. Ang. 3 033 3 208 3 504 3 681 3 235 3 079 3 354 3 051 3 092 3 101
HB 520 551 574 496 630 511 376 388 414 315 366
HH 937 936 931 612 783 621 531 521 517 512 441
HE 10 652 9 477 11 916 9 420 8 446 8 637 7 436 7 121 5 500 5 539 6 164
MV 843 890 1 031 876 1 199 1 233 1 077 1 083 891 959 915
NI 122 907 111 754 121 239 100 166 94 020 87 814 72 739 70 277 60 261 56 625 59 778
NW 170 864 154 854 170 222 134 927 127 977 126 944 110 598 96 855 66 985 61 562 48 693
RP 13 076 11 773 14 442 10 707 9 290 8 952 8 778 7 401 5 746 6 695 6 162
SL 473 416 455 517 428 324 267 264 118 142 117
SN 1 054 880 924 746 937 816 693 810 598 591 549
ST 2 537 2 635 2 713 2 180 2 384 2 233 2 299 2 530 2 167 2 079 2 357
SH 50 891 50 576 50 270 44 638 40 445 38 711 32 944 32 863 30 007 26 398 32 349
TH 2 855 2 035 3 214 2 954 2 516 2 157 2 210 2 536 1 895 1 842 1 859
